![wpn_saiga12s]
		icons_texture                            = ui\ui_icon_saiga12k
		inv_grid_height                          = 2
		inv_grid_width                           = 5
		inv_grid_x                               = 0
		inv_grid_y                               = 0
	
		upgr_icon_path                           = ui\ui_icon_saiga12k
		upgr_icon_x                              = 0
		upgr_icon_y                              = 100
		upgr_icon_width                          = 250
		upgr_icon_height                         = 100
		
		fire_point                       = 0.005817, 0.047695, 0.603095
        position                         = -0.008198, 0.002614, 0.014511
        shell_point                      = 0, 0.138, 0.07
        strap_position                   = -0.198938, -0.169756, 0.141949

![wpn_saiga12s_hud]
		aim_hud_offset_pos               = -0.075691, 0.024677, -0.08714
        aim_hud_offset_pos_16x9          = -0.075691, 0.024677, -0.08714
        aim_hud_offset_rot               = 0.004117, 0.001311, 0
        aim_hud_offset_rot_16x9          = 0.004117, 0.001311, 0
        fire_point2                      = 0, -0.028, 0.678
        hands_orientation                = 0.0001, 0.0001, 0.0001
        hands_orientation_16x9           = 0.0001, 0.0001, 0.0001
        hands_position                   = 0.06155, -0.014675, -0.184246
        hands_position_16x9              = 0.06155, -0.014675, -0.184246
	
![wpn_saiga12s_1p29_hud]

		aim_hud_offset_pos               = -0.075691, 0.024677, -0.08714
        aim_hud_offset_pos_16x9          = -0.075691, 0.024677, -0.08714
        aim_hud_offset_rot               = 0.004117, 0.001311, 0
        aim_hud_offset_rot_16x9          = 0.004117, 0.001311, 0

![wpn_saiga12s_kobra_hud]

		aim_hud_offset_pos               = -0.075691, 0.024677, -0.08714
        aim_hud_offset_pos_16x9          = -0.075691, 0.024677, -0.08714
        aim_hud_offset_rot               = 0.004117, 0.001311, 0
        aim_hud_offset_rot_16x9          = 0.004117, 0.001311, 0