![wpn_mossberg590]
		icons_texture                            = ui\ui_icon_m590
		inv_grid_height                          = 1
		inv_grid_width                           = 5
		inv_grid_x                               = 0
		inv_grid_y                               = 0
		
		upgr_icon_path                           = ui\ui_icon_m590
		upgr_icon_x                              = 0
		upgr_icon_y                              = 50
		upgr_icon_width                          = 250
		upgr_icon_height                         = 100
		
		fire_point                       = 0.012244, 0.069243, 0.730975
        fire_point2                      = 0, 0.158, 0.647
        position                         = -0.016302, 0.011868, 0
        strap_position                   = -0.23259, -0.134121, 0.05

![wpn_mossberg590_hud]
		aim_hud_offset_pos               = -0.072386, 0.040628, -0.089199
        aim_hud_offset_pos_16x9          = -0.072386, 0.040628, -0.089199
        aim_hud_offset_rot               = -0.002573, 0.000436, 0.017608
        aim_hud_offset_rot_16x9          = -0.002573, 0.000436, 0.017608
        hands_orientation                = 0.001, 0.001, 0.001
        hands_orientation_16x9           = 0.001, 0.001, 0.001