![wpn_mp153]
		icons_texture = ui\ui_icon_r1887
		inv_grid_width = 7
		inv_grid_x = 0
		inv_grid_y = 0
		inv_name = st_wpn_r1887
		inv_name_short = st_wpn_r1887
		description = st_wpn_r1887_descr
		upgr_icon_path = ui\ui_icon_r1887
		upgr_icon_x = 0
		upgr_icon_y = 50
		upgr_icon_width = 350

		fire_point                       = -0.011545, 0.067151, 0.786731
		position                         = -0.016595, 0.006168, 0.001709
		shell_point                      = -0.002767, 0.031807, 0.032957
		strap_position                   = -0.212954, -0.151906, 0.042249

![wpn_mp153_hud]
		aim_hud_offset_pos               = -0.073761, 0.026712, -0.125396
        aim_hud_offset_pos_16x9          = -0.073761, 0.026712, -0.125396
        aim_hud_offset_rot               = -0.005448, 4.2e-05, 0.017608
        aim_hud_offset_rot_16x9          = -0.005448, 4.2e-05, 0.017608
		
        hands_position                   = 0.051177, -0.019012, -0.034406
        hands_position_16x9              = 0.051177, -0.019012, -0.034406
		hands_orientation                = 0.0001, 0.0001, 0.0001
        hands_orientation_16x9           = 0.0001, 0.0001, 0.0001


