![wpn_wincheaster1300]
		icons_texture                            = ui\ui_icon_win-m31
		inv_grid_height                          = 1
		inv_grid_width                           = 4
		inv_grid_x                               = 0
		inv_grid_y                               = 0
		
		upgr_icon_path                           = ui\ui_icon_win-m31
		upgr_icon_x                              = 0
		upgr_icon_y                              = 50
		upgr_icon_width                          = 200
		upgr_icon_height                         = 100
		
		inv_name                                 = st_wpn_remingtonm31
		inv_name_short                           = st_wpn_remingtonm31
		description                              = st_wpn_remingtonm31_descr
		
		fire_point                       = -0.012168, 0.067672, 0.733674
		fire_point2                      = 0, 0.158, 0.647
        position                         = -0.023112, -0.003646, -0.000557
        shell_point                      = 0, 0.18, 0.647
        strap_position                   = -0.202397, -0.149365, 0.05

![wpn_toz194_hud]
		aim_hud_offset_pos               = -0.075941, 0.035242, -0.050567
        aim_hud_offset_pos_16x9          = -0.075941, 0.035242, -0.050567
        aim_hud_offset_rot               = -0.011403, 0.000376, 0.019312
        aim_hud_offset_rot_16x9          = -0.011403, 0.000376, 0.019312
		
        hands_position                   = 0.053417, -0.030457, 0.098284
        hands_position_16x9              = 0.053417, -0.030457, 0.098284
		hands_orientation                = 0.0001, 0.0001, 0.0001
        hands_orientation_16x9           = 0.0001, 0.0001, 0.0001

